## LambdaRank
## Epochs = 100
## No. of features = 6
## No. of hidden layers = 1
## Layer 1: 10 neurons
1 2 3 4 5 6
1
10
0 0 -0.05159039270465493 -0.0943540448647292 -0.006537034439298451 0.012721368390541207 -0.0032378655015962566 0.016039869524988565 -0.09365918161322669 0.04136463810969608 0.0010873559566003785 0.06905593482157583
0 1 -0.0204379383223366 -0.03675726780508981 0.024412934287081443 -0.07235586440239783 0.0077616763728185455 0.01901021834968938 0.022614934520609743 -0.08795834073773022 0.004357047201609169 0.024555835064174514
0 2 0.03087591293243596 -0.08004032699537293 -0.054112383593528365 0.02926507186509145 0.04062957207674276 -0.0038596820356337092 0.07903616238290773 -0.0780850892749423 0.01916385725382439 -0.09003619934356569
0 3 0.060277652715259096 0.07480509344392522 0.022128463290773524 0.0010687459426963772 -0.0015949085331509046 -0.09152482518433833 0.07278864400348282 -0.06891412129923598 -0.042532414533786 0.09130156351086774
0 4 0.07480668971572282 -0.058882750171513114 0.05826660908626478 0.005525062906111098 0.03990152734672394 0.01137159466424926 -0.038642854896883586 -0.09751386508873244 -0.09074007264798059 0.015098171785173855
0 5 -0.0517383079714855 0.07480615630356223 0.05664372278610973 0.012828018672727717 -0.07009705471506039 0.016676949286310378 0.05359610025234162 0.0864476220235061 -0.00862840263766642 -0.09396731125412762
0 6 0.012104554298468932 -0.025719173210094422 0.07468030400700551 0.09739984431644061 0.028803565274112212 -0.04071283524223168 -0.08914321512236327 -0.013541931415447576 -0.09376724973056566 0.08471715665461015 -0.06499890983104567
1 0 0.07999195903539637
1 1 0.012209194712340918
1 2 -0.026524400338530468
1 3 0.03279020637273843
1 4 0.08362195640802217
1 5 0.04676334187388362
1 6 0.0833148956298787
1 7 -0.012345719151198921
1 8 -0.057714633643627083
1 9 -0.0971177965402597
